1.000000000000000056e-01 4.000000000000000000e+00 2.541306650362126884e+00
1.499999999999999944e-01 4.000000000000000000e+00 -2.941624245149490613e-01
2.000000000000000111e-01 4.000000000000000000e+00 -1.502273907938159736e+00
2.500000000000000000e-01 4.000000000000000000e+00 -4.984236979338064977e+00
2.999999999999999889e-01 4.000000000000000000e+00 2.449841044183805039e+01
3.499999999999999778e-01 4.000000000000000000e+00 5.311385391909090536e+00
4.000000000000000222e-01 4.000000000000000000e+00 3.524045947763660536e+00
4.500000000000000111e-01 4.000000000000000000e+00 3.001542989944606443e+00
5.000000000000000000e-01 4.000000000000000000e+00 2.950294265650978076e+00
5.500000000000000444e-01 4.000000000000000000e+00 3.247719081157546483e+00
5.999999999999999778e-01 4.000000000000000000e+00 4.284467498189479251e+00
1.000000000000000056e-01 4.250000000000000000e+00 1.401660399672986168e+00
1.499999999999999944e-01 4.250000000000000000e+00 -4.710159008625897648e-01
2.000000000000000111e-01 4.250000000000000000e+00 -1.950709357208469275e+00
2.500000000000000000e-01 4.250000000000000000e+00 -9.571082668215137090e+00
2.999999999999999889e-01 4.250000000000000000e+00 8.136054321224641228e+00
3.499999999999999778e-01 4.250000000000000000e+00 3.726133986417731414e+00
4.000000000000000222e-01 4.250000000000000000e+00 2.775680824170116079e+00
4.500000000000000111e-01 4.250000000000000000e+00 2.427955690920074794e+00
5.000000000000000000e-01 4.250000000000000000e+00 2.378498129479817980e+00
5.500000000000000444e-01 4.250000000000000000e+00 2.581319079395450355e+00
5.999999999999999778e-01 4.250000000000000000e+00 3.194260600345277368e+00
1.000000000000000056e-01 4.500000000000000000e+00 9.099904461991902282e-01
1.499999999999999944e-01 4.500000000000000000e+00 -6.507362961457826556e-01
2.000000000000000111e-01 4.500000000000000000e+00 -2.616936033116314508e+00
2.500000000000000000e-01 4.500000000000000000e+00 -6.170900055414521290e+01
2.999999999999999889e-01 4.500000000000000000e+00 4.997381378773029681e+00
3.499999999999999778e-01 4.500000000000000000e+00 2.926211254765473502e+00
4.000000000000000222e-01 4.500000000000000000e+00 2.293918627924410814e+00
4.500000000000000111e-01 4.500000000000000000e+00 2.061747677712963966e+00
5.000000000000000000e-01 4.500000000000000000e+00 2.033705274653560213e+00
5.500000000000000444e-01 4.500000000000000000e+00 2.164455944315380354e+00
5.999999999999999778e-01 4.500000000000000000e+00 2.570629212486263526e+00
1.000000000000000056e-01 4.750000000000000000e+00 6.225108283615852223e-01
1.499999999999999944e-01 4.750000000000000000e+00 -8.481045938621902813e-01
2.000000000000000111e-01 4.750000000000000000e+00 -3.575628864473312518e+00
2.500000000000000000e-01 4.750000000000000000e+00 1.582774544202356992e+01
2.999999999999999889e-01 4.750000000000000000e+00 3.689267150327269373e+00
3.499999999999999778e-01 4.750000000000000000e+00 2.428645355253525207e+00
4.000000000000000222e-01 4.750000000000000000e+00 1.982381384061844720e+00
4.500000000000000111e-01 4.750000000000000000e+00 1.808519949611873789e+00
5.000000000000000000e-01 4.750000000000000000e+00 1.778581584574082219e+00
5.500000000000000444e-01 4.750000000000000000e+00 1.864036503890943886e+00
5.999999999999999778e-01 4.750000000000000000e+00 2.168441392069011986e+00
1.000000000000000056e-01 5.000000000000000000e+00 3.953685082871736811e-01
1.499999999999999944e-01 5.000000000000000000e+00 -1.069337330260801355e+00
2.000000000000000111e-01 5.000000000000000000e+00 -5.370215144167681309e+00
2.500000000000000000e-01 5.000000000000000000e+00 7.480311428031234833e+00
2.999999999999999889e-01 5.000000000000000000e+00 2.954180546628812465e+00
3.499999999999999778e-01 5.000000000000000000e+00 2.089884659843235237e+00
4.000000000000000222e-01 5.000000000000000000e+00 1.744932096805095423e+00
4.500000000000000111e-01 5.000000000000000000e+00 1.607153574444188493e+00
5.000000000000000000e-01 5.000000000000000000e+00 1.583052584354001757e+00
5.500000000000000444e-01 5.000000000000000000e+00 1.680437427592447852e+00
5.999999999999999778e-01 5.000000000000000000e+00 1.895773560098499066e+00
1.000000000000000056e-01 5.250000000000000000e+00 2.231021894080548740e-01
1.499999999999999944e-01 5.250000000000000000e+00 -1.332770806334520497e+00
2.000000000000000111e-01 5.250000000000000000e+00 -9.626966972966732428e+00
2.500000000000000000e-01 5.250000000000000000e+00 4.994785294062424441e+00
2.999999999999999889e-01 5.250000000000000000e+00 2.487080663410203396e+00
3.499999999999999778e-01 5.250000000000000000e+00 1.844508163454909866e+00
4.000000000000000222e-01 5.250000000000000000e+00 1.575366020004609346e+00
4.500000000000000111e-01 5.250000000000000000e+00 1.456700631769274334e+00
5.000000000000000000e-01 5.250000000000000000e+00 1.434149606727820325e+00
5.500000000000000444e-01 5.250000000000000000e+00 1.496775205215019167e+00
5.999999999999999778e-01 5.250000000000000000e+00 1.678908906965014047e+00
1.000000000000000056e-01 5.500000000000000000e+00 6.861472217473903179e-02
1.499999999999999944e-01 5.500000000000000000e+00 -1.623731266846802468e+00
2.000000000000000111e-01 5.500000000000000000e+00 -2.831389555099065802e+01
2.500000000000000000e-01 5.500000000000000000e+00 3.789641347815660755e+00
2.999999999999999889e-01 5.500000000000000000e+00 2.172438957311691787e+00
3.499999999999999778e-01 5.500000000000000000e+00 1.659223169826567368e+00
4.000000000000000222e-01 5.500000000000000000e+00 1.426838473086340375e+00
4.500000000000000111e-01 5.500000000000000000e+00 1.336685336194272544e+00
5.000000000000000000e-01 5.500000000000000000e+00 1.310270893791947389e+00
5.500000000000000444e-01 5.500000000000000000e+00 1.367798062832463746e+00
5.999999999999999778e-01 5.500000000000000000e+00 1.523012625226380701e+00
1.000000000000000056e-01 5.750000000000000000e+00 -6.397973817322501200e-02
1.499999999999999944e-01 5.750000000000000000e+00 -1.992740813531529209e+00
2.000000000000000111e-01 5.750000000000000000e+00 3.184039357503978707e+01
2.500000000000000000e-01 5.750000000000000000e+00 3.138039167049015088e+00
2.999999999999999889e-01 5.750000000000000000e+00 1.927892518707362779e+00
3.499999999999999778e-01 5.750000000000000000e+00 1.510470793720592564e+00
4.000000000000000222e-01 5.750000000000000000e+00 1.318179716256518974e+00
4.500000000000000111e-01 5.750000000000000000e+00 1.230820101467298588e+00
5.000000000000000000e-01 5.750000000000000000e+00 1.211389883866625716e+00
5.500000000000000444e-01 5.750000000000000000e+00 1.269517512515120128e+00
5.999999999999999778e-01 5.750000000000000000e+00 1.391019629868779139e+00
1.000000000000000056e-01 6.000000000000000000e+00 -1.877533180826057302e-01
1.499999999999999944e-01 6.000000000000000000e+00 -2.469175567864455800e+00
2.000000000000000111e-01 6.000000000000000000e+00 1.082748020772119446e+01
2.500000000000000000e-01 6.000000000000000000e+00 2.664837442231017928e+00
2.999999999999999889e-01 6.000000000000000000e+00 1.732460675513565418e+00
3.499999999999999778e-01 6.000000000000000000e+00 1.385457944701086408e+00
4.000000000000000222e-01 6.000000000000000000e+00 1.223802497129609534e+00
4.500000000000000111e-01 6.000000000000000000e+00 1.146863145951222629e+00
5.000000000000000000e-01 6.000000000000000000e+00 1.132609485234155722e+00
5.500000000000000444e-01 6.000000000000000000e+00 1.179569234678056189e+00
5.999999999999999778e-01 6.000000000000000000e+00 1.276593305113748578e+00